Webots Project File version R2025a
perspectives: 000000ff00000000fd0000000200000001000001ca00000249fc0200000001fb0000001400540065007800740045006400690074006f00720100000000000002490000008a00ffffff00000003000005e8000000d9fc0100000001fb0000001a0043006f006e0073006f006c00650041006c006c0041006c006c0100000000000005e80000008700ffffff0000041c0000024900000001000000020000000100000008fc00000000
simulationViewPerspectives: 000000ff0000000100000002000001350000026c0100000002010000000101
sceneTreePerspectives: 000000ff00000001000000030000001e000000c0000000fa0100000002010000000201
minimizedPerspectives: 000000ff00000000fd00000003000000000000016c00000469fc0200000001fb00000012005300630065006e006500540072006500650100000019000004690000018500ffffff000000010000022e0000036bfc0200000001fb0000001400540065007800740045006400690074006f007201000000190000036b000000ab00ffffff00000003000005cd000000f8fc0100000001fb0000000e0043006f006e0073006f006c00650100000172000005cd0000004e00ffffff000003990000036b00000004000000040000000100000008fc00000000
maximizedDockId: -1
centralWidgetVisible: 1
projectionMode: PERSPECTIVE
orthographicViewHeight: 1
textFiles: 0 "controllers/my_vehicle_controller/my_vehicle_controller.py"
consoles: Console:All:All
renderingDevicePerspectives: vehicle:camera;1;0.987072;0.266542;0
renderingDevicePerspectives: vehicle:display_image;1;1;0;0
